date,victims_assulted
2016,102
2021,99
2017,99
2021,113
2022,97
2014,94
2018,105
2022,101
2018,102
2018,103
2022,94
2018,121
2020,86
2019,103
2014,104
2022,100
2016,109
2014,120
2016,95
2022,90
2022,92
2020,106
2019,99
2022,93
2019,101
2020,98
2018,100
2019,103
2016,96
2015,92
2022,103
2022,110
2020,104
2021,96
2014,102
2018,95
2020,102
2015,93
2016,112
2016,95
2015,115
2017,97
2017,101
2017,117
2015,100
2015,111
2016,94
2018,99
2016,92
2021,105
2014,97
2017,94
2021,104
2015,97
2019,105
2015,103
2015,101
2020,93
2022,109
2017,108
2019,104
2014,103
2017,105
2016,118
2021,106
2018,92
2021,100
2021,90
2021,111
2017,111
2020,116
2019,101
2020,96
2014,111
2018,85
2015,106
2017,99
2019,103
2017,89
2015,123
2016,76
2020,103
2017,89
2021,99
2014,99
2017,84
2022,109
2022,96
2021,94
2015,87
2015,81
2019,102
2017,106
2019,95
2016,103
2015,120
2021,88
2014,99
2018,121
2018,92
